Reference model: J1713+0747_DM_CHROMCIDX_SGWB
Reference logZ: 17060.830575
---------------------------------------------------------------
MODEL                                                                 logZ       ΔlogZ   BayesFactor
---------------------------------------------------------------
J1713+0747_DM_CHROMCIDX_SGWB                                  17060.830575    0.000000  1.000000e+00
J1713+0747_CHROMCIDX_SGWB                                     17060.820185   -0.010390  9.896634e-01
J1713+0747_DM_SGWB                                            17060.610217   -0.220359  8.022310e-01
J1713+0747_RN_CHROMCIDX_SGWB                                  17060.487610   -0.342965  7.096628e-01
J1713+0747_CHROM_SGWB                                         17060.408416   -0.422160  6.556293e-01
J1713+0747_RN_DM_CHROMCIDX_SGWB                               17060.403084   -0.427491  6.521430e-01
J1713+0747_DM_CHROM_SGWB                                      17060.395714   -0.434861  6.473544e-01
J1713+0747_RN_DM_SGWB                                         17060.375956   -0.454619  6.346895e-01
J1713+0747_SMBHB_CHROMANNUAL_SGWB                             17060.375354   -0.455222  6.343074e-01
J1713+0747_CHROMCIDX_SWDET_SGWB                               17060.340723   -0.489852  6.127172e-01
J1713+0747_DM_SWDET_SGWB                                      17060.333605   -0.496971  6.083709e-01
J1713+0747_SWDET_SGWB                                         17060.298878   -0.531697  5.876069e-01
J1713+0747_CHROMANNUAL_SGWB                                   17060.220654   -0.609921  5.433939e-01
J1713+0747_RN_SWDET_SGWB                                      17060.194186   -0.636390  5.291996e-01
J1713+0747_RN_CHROM_SGWB                                      17060.131725   -0.698851  4.971565e-01
J1713+0747_RN_SGWB                                            17060.121749   -0.708826  4.922218e-01
J1713+0747_RN_DM_CHROM_SGWB                                   17060.118092   -0.712483  4.904250e-01
J1713+0747_DM_CHROMCIDX_SWDET_SGWB                            17059.965151   -0.865424  4.208731e-01
J1713+0747_CHROM_SWDET_SGWB                                   17059.963134   -0.867442  4.200247e-01
J1713+0747_RN_DM_SWDET_SGWB                                   17059.849272   -0.981303  3.748224e-01
J1713+0747_RN_CHROMCIDX_SWDET_SGWB                            17059.822538   -1.008037  3.649345e-01
J1713+0747_SW_SGWB                                            17059.798249   -1.032327  3.561773e-01
J1713+0747_RN_DM_CHROMCIDX_SWDET_SGWB                         17059.685261   -1.145315  3.181238e-01
J1713+0747_DM_CHROM_SWDET_SGWB                                17059.633876   -1.196699  3.021900e-01
J1713+0747_CHROMCIDX_SW_SGWB                                  17059.612892   -1.217683  2.959149e-01
J1713+0747_RN_CHROM_SWDET_SGWB                                17059.606527   -1.224048  2.940375e-01
J1713+0747_RN_DM_CHROM_SWDET_SGWB                             17059.476826   -1.353749  2.582701e-01
J1713+0747_DM_SW_SGWB                                         17059.460663   -1.369912  2.541292e-01
J1713+0747_RN_DM_SW_SGWB                                      17059.422336   -1.408239  2.445737e-01
J1713+0747_CHROM_SW_SGWB                                      17059.366817   -1.463758  2.313651e-01
J1713+0747_RN_SW_SGWB                                         17059.271555   -1.559021  2.103420e-01
J1713+0747_RN_CHROMCIDX_SW_SGWB                               17059.245363   -1.585212  2.049043e-01
J1713+0747_DM_CHROMCIDX_SW_SGWB                               17059.159097   -1.671478  1.879691e-01
J1713+0747_DM_CHROM_SW_SGWB                                   17059.010867   -1.819708  1.620730e-01
J1713+0747_RN_CHROM_SW_SGWB                                   17058.906803   -1.923772  1.460550e-01
J1713+0747_RN_DM_CHROMCIDX_SW_SGWB                            17058.886349   -1.944226  1.430979e-01
J1713+0747_RN_DM_CHROM_SW_SGWB                                17058.500079   -2.330496  9.724749e-02
J1713+0747_PM_EFAC_ECORR_SGWB                                 17050.680882  -10.149693  3.908809e-05
J1713+0747_PM_EFAC_EQUAD_ECORR_SGWB                           17050.217661  -10.612914  2.459632e-05
J1713+0747_PM_EFAC_SGWB                                       17041.780974  -19.049601  5.331670e-09
J1713+0747_PM_EFAC_EQUAD_SGWB                                 17041.442082  -19.388494  3.799130e-09
